Row: 1, Sequenz 3, Pallets: (4 5 280) (4 6 205) (6 3 303) (22 4 56) (32 5 33) (34 5 123) 
Row: 2, Sequenz 3, Pallets: (2 1 93) (5 2 579) (9 2 575) (9 3 53) (24 4 13) (24 5 187) 
Row: 3, Sequenz 1, Pallets: (3 6 648) (4 4 35) (5 4 6) (8 4 42) (9 4 6) (10 2 522) (19 5 241) 
Row: 4, Sequenz 1, Pallets: (1 3 149) (1 5 157) (1 6 688) (11 4 101) (12 4 106) (15 5 627) (23 4 172) 
Row: 5, Sequenz 4, Pallets: (1 4 291) (2 2 193) (3 2 185) (3 3 59) (4 2 389) (6 2 714) (7 2 169) 
Row: 6, Sequenz 3, Pallets: (2 3 103) (2 4 128) (2 6 387) (4 3 294) (5 3 72) (8 2 361) (27 5 155) 
Row: 7, Sequenz 3, Pallets: (1 1 493) (1 2 481) (5 5 387) (22 5 53) (30 5 86) 
Row: 8, Wildcard, Pallets: (6 4 297) (7 3 300) (10 4 52) (12 5 247) (15 4 304) 

Pallets used: 50
Weight used: 12200
OBJECTIVE: 10800.000000000007
Computation Time: 6.4936030464172365
Wildcards used: 1
U-Value: 1400
