Row: 1, Wildcard, Pallets: (3 4 148) (8 2 620) (8 4 238) (11 4 189) 
Row: 2, Sequenz 5, Pallets: (1 4 83) (1 5 118) (2 2 628) (2 3 57) (3 1 215) (10 2 397) 
Row: 3, Sequenz 5, Pallets: (1 3 4) (2 6 696) (3 2 734) (5 4 15) (7 1 51) 
Row: 4, Sequenz 5, Pallets: (1 6 501) (4 1 675) (6 1 772) 
Row: 5, Sequenz 1, Pallets: (3 3 186) (4 2 689) (4 6 737) (6 4 254) (7 6 134) 
Row: 6, Sequenz 4, Pallets: (3 6 200) (4 3 372) (5 2 266) (9 2 172) (10 4 109) (12 2 381) 
Row: 7, Sequenz 4, Pallets: (5 3 309) (5 6 107) (6 6 454) (7 2 319) (9 4 311) 
Row: 8, Sequenz 1, Pallets: (1 1 204) (2 1 305) (2 4 5) (6 2 268) (7 4 218) 

Pallets used: 39
Weight used: 12141
OBJECTIVE: 10740.999999999996
Computation Time: 10.032065262794495
Wildcards used: 1
U-Value: 1400
