Row: 1, Sequenz 3, Pallets: (1 2 156) (1 3 108) (1 5 320) (3 4 103) (6 6 140) (8 2 172) 
Row: 2, Sequenz 4, Pallets: (2 5 163) (3 1 230) (7 6 484) (9 2 623) 
Row: 3, Sequenz 5, Pallets: (5 5 86) (7 2 32) (8 6 832) (11 6 546) 
Row: 4, Sequenz 3, Pallets: (2 3 131) (2 6 740) (3 2 103) (3 3 349) (5 2 647) (10 2 30) 
Row: 5, Sequenz 1, Pallets: (1 6 750) (2 1 613) (7 5 488) (11 2 149) 
Row: 6, Sequenz 4, Pallets: (1 1 237) (1 4 284) (2 4 204) (3 6 191) (6 2 584) 
Row: 7, Sequenz 3, Pallets: (4 2 190) (4 6 366) (8 5 171) (10 6 771) 
Row: 8, Sequenz 2, Pallets: (4 3 51) (4 4 171) (5 6 17) (9 6 647) (11 5 113) 

Pallets used: 38
Weight used: 11992
OBJECTIVE: 11992.000000000082
Computation Time: 10.009604016304015
Wildcards used: 0
U-Value: 1400
