Row: 1, Wildcard, Pallets: (1 2 400) (3 2 157) (9 3 106) (11 1 537) 
Row: 2, Wildcard, Pallets: (4 5 368) (6 1 831) 
Row: 3, Sequenz 2, Pallets: (2 5 319) (5 1 808) (5 4 169) (7 2 115) (8 3 20) (10 2 69) 
Row: 4, Sequenz 1, Pallets: (1 4 300) (3 3 300) (6 3 127) (6 4 335) (7 1 444) (12 1 494) 
Row: 5, Sequenz 4, Pallets: (1 3 271) (1 5 332) (2 2 252) (2 4 190) (5 2 402) (13 1 553) 
Row: 6, Sequenz 1, Pallets: (3 4 90) (4 1 435) (4 3 100) (8 2 427) (14 1 448) 
Row: 7, Sequenz 4, Pallets: (1 6 302) (2 1 486) (4 4 229) (5 3 153) (6 2 330) 
Row: 8, Wildcard, Pallets: (3 5 364) (7 3 228) (10 1 401) (10 3 206) 

Pallets used: 38
Weight used: 12098
OBJECTIVE: 7898.000000000001
Computation Time: 10.01321034526825
Wildcards used: 3
U-Value: 1400
