Row: 1, Wildcard, Pallets: (2 2 331) (4 6 622) (6 4 64) (10 3 183) 
Row: 2, Sequenz 2, Pallets: (1 1 411) (4 1 24) (4 2 612) (7 3 201) (12 4 252) 
Row: 3, Sequenz 4, Pallets: (4 3 44) (5 6 86) (8 1 600) (9 4 241) (10 4 199) (13 4 330) 
Row: 4, Sequenz 3, Pallets: (2 3 20) (3 4 299) (5 1 466) (5 2 484) (7 1 731) 
Row: 5, Sequenz 1, Pallets: (1 2 720) (1 6 311) (2 6 496) (8 4 327) (11 4 146) 
Row: 6, Sequenz 4, Pallets: (2 1 507) (3 1 703) (3 5 94) (9 3 190) (14 4 6) 
Row: 7, Sequenz 2, Pallets: (3 3 292) (3 6 444) (5 3 167) (5 4 356) (6 1 46) (7 4 195) 
Row: 8, Wildcard, Pallets: (1 3 190) (4 4 373) (6 3 315) (8 3 322) 

Pallets used: 40
Weight used: 12400
OBJECTIVE: 9600.000000000013
Computation Time: 99.56533993244172
Wildcards used: 2
U-Value: 1400
