Row: 1, Wildcard, Pallets: (1 5 183) (2 5 632) (4 1 384) 
Row: 2, Sequenz 5, Pallets: (1 3 97) (1 4 356) (3 5 84) (6 1 131) (10 1 832) 
Row: 3, Sequenz 4, Pallets: (1 1 112) (1 2 222) (2 1 662) (3 4 272) (8 3 231) 
Row: 4, Sequenz 3, Pallets: (5 2 590) (7 1 782) (7 2 389) (8 1 239) 
Row: 5, Sequenz 3, Pallets: (3 1 234) (4 4 324) (5 4 287) (6 3 343) (8 4 57) (9 1 755) 
Row: 6, Sequenz 4, Pallets: (2 2 188) (2 3 153) (2 4 48) (4 3 60) (7 3 352) (7 5 101) (8 2 215) (9 3 264) (9 4 115) 
Row: 7, Sequenz 1, Pallets: (3 2 104) (3 3 228) (5 1 258) (5 3 368) (6 5 135) (10 2 406) 
Row: 8, Wildcard, Pallets: (4 5 553) (6 4 358) (7 4 288) 

Pallets used: 41
Weight used: 12392
OBJECTIVE: 9591.999999999744
Computation Time: 121.29427339267731
Wildcards used: 2
U-Value: 1400
