Row: 1, Wildcard, Pallets: (3 4 234) (4 6 706) (11 4 255) 
Row: 2, Sequenz 3, Pallets: (2 2 182) (4 1 552) (4 3 323) (7 4 210) (8 4 51) (9 4 13) (13 2 166) 
Row: 3, Sequenz 1, Pallets: (1 2 212) (3 5 478) (4 2 11) (5 4 172) (12 2 85) (13 4 10) (14 2 532) 
Row: 4, Sequenz 5, Pallets: (1 3 303) (1 6 446) (2 3 178) (6 4 176) (8 2 530) (9 2 236) (15 4 131) 
Row: 5, Sequenz 4, Pallets: (1 1 757) (1 5 255) (2 5 218) (4 4 196) (6 2 274) (14 4 299) 
Row: 6, Sequenz 1, Pallets: (2 1 789) (3 1 229) (3 2 151) (3 3 205) (10 4 126) 
Row: 7, Sequenz 5, Pallets: (1 4 247) (2 6 101) (3 6 643) (4 5 291) (12 4 218) 
Row: 8, Wildcard, Pallets: (2 4 54) (5 2 558) (10 2 588) 

Pallets used: 43
Weight used: 12391
OBJECTIVE: 9590.999999999798
Computation Time: 121.07870415115356
Wildcards used: 2
U-Value: 1400
