Row: 1, Wildcard, Pallets: (3 3 231) (7 3 116) (8 6 521) (11 3 324) (13 3 8) 
Row: 2, Sequenz 3, Pallets: (2 1 778) (6 6 7) (7 6 714) 
Row: 3, Sequenz 5, Pallets: (2 5 124) (3 1 256) (5 2 210) (8 2 436) (10 2 474) 
Row: 4, Sequenz 2, Pallets: (1 4 89) (1 6 558) (2 6 532) (4 3 254) (6 2 567) 
Row: 5, Sequenz 3, Pallets: (1 5 589) (2 3 69) (3 4 365) (3 5 81) (4 2 207) (4 6 689) 
Row: 6, Sequenz 4, Pallets: (1 1 148) (5 3 57) (6 5 507) (7 2 220) (9 2 361) (10 3 207) 
Row: 7, Sequenz 1, Pallets: (1 3 146) (2 4 56) (3 6 551) (5 6 249) (7 5 498) 
Row: 8, Wildcard, Pallets: (3 2 558) (6 3 372) (9 3 270) 

Pallets used: 38
Weight used: 12399
OBJECTIVE: 9598.999999999996
Computation Time: 30.052034156799316
Wildcards used: 2
U-Value: 1400
