Row: 1, Sequenz 4, Pallets: (5 1 165) (5 5 250) (9 3 253) (10 4 322) (10 6 10) 
Row: 2, Sequenz 4, Pallets: (1 5 109) (2 3 45) (3 6 453) (6 4 214) (6 5 226) (8 3 360) (9 4 93) 
Row: 3, Sequenz 4, Pallets: (2 6 583) (3 4 281) (3 5 401) (4 3 131) (6 1 104) 
Row: 4, Sequenz 4, Pallets: (1 3 245) (2 5 711) (4 1 100) (4 5 608) (5 4 8) (6 3 320) (7 4 8) 
Row: 5, Sequenz 5, Pallets: (1 6 439) (2 1 756) (3 1 799) 
Row: 6, Wildcard, Pallets: (1 1 443) (2 4 306) (4 4 182) (10 1 269) 
Row: 7, Wildcard, Pallets: (3 3 259) (7 3 120) (8 1 296) (9 1 525) 
Row: 8, Sequenz 5, Pallets: (4 6 37) (7 6 759) (9 6 202) 

Pallets used: 38
Weight used: 11392
OBJECTIVE: 8591.999999999985
Computation Time: 10.95196340751648
Wildcards used: 2
U-Value: 1400
