Row: 1, Sequenz 1, Pallets: (3 5 598) (4 4 61) (5 6 158) (9 3 43) (10 3 41) (17 2 92) (18 3 7) 
Row: 2, Sequenz 1, Pallets: (1 1 440) (1 5 382) (2 3 75) (5 5 186) (6 4 232) (16 2 185) 
Row: 3, Sequenz 4, Pallets: (1 6 299) (2 4 372) (2 5 109) (6 3 97) (7 4 230) (8 4 67) (10 4 106) (20 3 220) 
Row: 4, Sequenz 1, Pallets: (1 4 54) (3 3 77) (4 5 474) (12 4 188) (15 2 87) (18 2 78) (21 2 34) (32 3 8) 

Pallets used: 29
Weight used: 5000
OBJECTIVE: 5000.000000000002
Computation Time: 0.39912598037719726
Wildcards used: 0
U-Value: 1400
