Row: 1, Sequenz 4, Pallets: (3 5 77) (6 4 324) (9 4 63) (13 1 119) (15 1 417) 
Row: 2, Sequenz 1, Pallets: (4 2 309) (6 3 138) (10 1 372) (14 1 451) (15 3 230) 
Row: 3, Sequenz 1, Pallets: (3 6 128) (4 4 119) (4 5 713) (5 6 307) (11 4 233) 
Row: 4, Sequenz 1, Pallets: (1 4 221) (2 5 301) (5 1 34) (7 1 247) (13 4 197) 

Pallets used: 20
Weight used: 5000
OBJECTIVE: 5000.000000000003
Computation Time: 0.3770133476257324
Wildcards used: 0
U-Value: 1400
